# Stats

40 teams, 760 matches


2 leagues
fr.1 - Ligue 1 |  1 events
fr.2 - Ligue 2 |  1 events


1 seasons
2014/15 |  2 events


2 events:
  2014/15 (2):
== fr.1 - Ligue 1 2014/15 |  20 Teams, 380 Matches, 700 Goals (+0 a.e.t.)
    0 Groups, 38 Rounds (38 Matchdays, 0 K.O.s)
1 (10)  2 (10)  3 (10)  4 (10)  5 (10)  6 (10)  7 (10)  8 (10)  9 (10)  10 (10)  11 (10)  12 (10)  13 (10)  14 (10)  15 (10)  16 (10)  17 (10)  18 (10)  19 (10)  20 (10)  21 (10)  22 (10)  23 (10)  24 (10)  25 (10)  26 (10)  27 (10)  28 (10)  29 (10)  30 (10)  31 (10)  32 (10)  33 (10)  34 (10)  35 (10)  36 (10)  37 (10)  38 (10)  

== fr.2 - Ligue 2 2014/15 |  20 Teams, 380 Matches, 600 Goals (+0 a.e.t.)
    0 Groups, 38 Rounds (38 Matchdays, 0 K.O.s)
1 (10)  2 (10)  3 (10)  4 (10)  5 (10)  6 (10)  7 (10)  8 (10)  9 (10)  10 (10)  11 (10)  12 (10)  13 (10)  14 (10)  15 (10)  16 (10)  17 (10)  18 (10)  19 (10)  20 (10)  21 (10)  22 (10)  23 (10)  24 (10)  25 (10)  26 (10)  27 (10)  28 (10)  29 (10)  30 (10)  31 (10)  32 (10)  33 (10)  34 (10)  35 (10)  36 (10)  37 (10)  38 (10)  



## Logs

3 logs:
[warn] skipping line (no match found): >[Vend 3. Oct]<
[warn] skipping line (no match found): >[Vend 3. Oct]<
